0 0.2661271294803488 0.3348146922608469 0.17100242626994624 0.12697782327176604
0 0.43907165305489065 0.3389469236658056 0.17100242626994624 0.12697782327176604
0 0.6137991098621599 0.3417017446024447 0.17100242626994624 0.12697782327176604
0 0.27682472887671217 0.4484510558972105 0.1710024262699462 0.1173359499935292
0 0.4390716530548907 0.45396069777048864 0.1603048268735827 0.11733594999352913
0 0.2768247288767122 0.5558890724261363 0.1603048268735826 0.1228455918668071
0 0.6031015104657947 0.5111232322057507 0.16030482687358252 0.22339655605413467
0 0.26969299594580326 0.6550626261451444 0.1603048268735826 0.1228455918668071
0 0.4479863192185269 0.5669083561726928 0.1603048268735826 0.1228455918668071
0 0.4301569868912545 0.6702141412966597 0.1603048268735826 0.1228455918668071
0 0.6048844436985238 0.6578174470817837 0.1603048268735826 0.1228455918668071
