0 0.563298867593829 0.2776523702031603 0.11056794748526087 0.14672686230248305
0 0.5688654078295441 0.6939359660238583 0.11056794748526087 0.16494802979631673
0 0.5534068751006529 0.5632725766257208 0.1660684503654936 0.07148304170658448
0 0.5626844421601777 0.42976748402665876 0.08442586024167553 0.05956920142215367
0 0.4703726499179062 0.4304682981610371 0.06308745600476846 0.06797897103469311
0 0.22590875789942833 0.4178536437422281 0.08813688706548539 0.09460990814106758
0 0.3618251153214663 0.2664777907165199 0.13730799248096673 0.12124084524744223
0 0.22312548778157087 0.2776908168665723 0.0825703468297705 0.13946201274127742
0 0.08025095506488931 0.2808444804712745 0.16050191012977863 0.15417910956322128
0 0.06726236118155463 0.4385276607063872 0.13452472236310925 0.1149335180380377
0 0.0811787117708418 0.5625717624913427 0.1623574235416836 0.07288466997534102
0 0.05752091576905362 0.724810234599914 0.11504183153810724 0.11142944736614638
0 0.312654009905985 0.7269126770030511 0.19853993507383005 0.10582293429111823
0 0.3117262532000324 0.5650246119616669 0.1892623680143055 0.042749662197075364
0 0.31079849649408 0.6337043971307379 0.11875285836191715 0.05536431661588388
0 0.32639812864785683 0.431129476584022 0.15317007154424567 0.162534435261708
