0 0.4901469937497302 0.2793596779882906 0.4584488570017337 0.11732118571241919
0 0.4167973037190478 0.39526969804748446 0.2995379200139341 0.11507182045173416
0 0.6365947535586232 0.39177089269591003 0.1400569796652204 0.10496416054718952
0 0.30434279449879953 0.5278355452570836 0.07258427413306937 0.1469498247660659
0 0.3845944215332494 0.5258917645062098 0.07565121529362166 0.14461728786501724
0 0.45973447996677896 0.5262805206563845 0.06849501925233312 0.1453948001653667
0 0.5461199893223333 0.5282243014072584 0.06951733297251714 0.14928236166711456
0 0.6473290476205525 0.4912924671406537 0.1288115287431924 0.10029908674509419
0 0.32836716692312523 0.6386310480568952 0.11654376410098458 0.07930625463565462
0 0.4428663035837417 0.6359097550056717 0.10018674457803939 0.08163879153670323
0 0.587012538129696 0.6359097550056717 0.20037348915607864 0.06764357013041135
0 0.6539740868017533 0.5908140415853976 0.14210160710558653 0.09718903754369436
