0 0.4295257351006734 0.20767494356659136 0.7433424966640225 0.2212189616252822
0 0.5241967134493933 0.5062076749435661 0.5469878749037139 0.3713318284424385
0 0.1910951229631572 0.4159142212189616 0.07012665062868152 0.17494356659142205
0 0.09730072774729565 0.4221218961625282 0.0578544867686623 0.1647855530474041
0 0.09993047714587121 0.5897291196388261 0.059607653034379295 0.14785553047404065
0 0.18846537356458165 0.5886004514672686 0.07538614942583266 0.15914221218961636
0 0.7170450026782689 0.7737020316027088 0.15427863138309938 0.16365688487584648
0 0.366411749534861 0.7691873589164786 0.14726596632023126 0.15237020316027083
0 0.528579629113687 0.7686230248306998 0.14551280005451417 0.07674943566591423
0 0.43040231823353303 0.8177200902934538 0.7310703328040051 0.19074492099322796
