0 0.25615341441149897 0.24322799097065445 0.17879164495836142 0.10496613995485328
0 0.43494505936986094 0.6941309255079007 0.2372427596562878 0.09029345372460483
0 0.6283494830027039 0.24435665914221205 0.1770724945260695 0.10496613995485324
0 0.6816431464037539 0.3673814898419863 0.1770724945260695 0.10496613995485324
0 0.6025622265183247 0.5039503386004511 0.163319291067734 0.1049661399548532
0 0.24927681268233087 0.5118510158013543 0.1340937337187707 0.09819413092550779
0 0.19340442363284283 0.36060948081264077 0.16675759193231748 0.11851015801354409
0 0.5148855544714356 0.36681715575620727 0.15644268933856573 0.10383747178329598
0 0.3563336384621389 0.36681715575620727 0.15644268933856573 0.10383747178329598
0 0.4400633019726666 0.23933177563924815 0.18850936898089501 0.12021174078914405
0 0.4151225511397435 0.49371774055152856 0.18138344017148847 0.12839887529206861
