0 0.7839661311102614 0.8259151452747738 0.17955901302655483 0.11541853127928867
0 0.5863750703063143 0.8247455546314991 0.17955901302655483 0.11541853127928867
0 0.3976845077367791 0.8235759639882244 0.17955901302655483 0.11541853127928867
0 0.1983133472859496 0.8212367827016746 0.17955901302655483 0.11541853127928867
0 0.20365364622659685 0.6890730400116161 0.17955901302655483 0.11541853127928867
0 0.3941243084430144 0.6925818119414408 0.17955901302655483 0.11541853127928867
0 0.5899352696000791 0.6960905838712652 0.17955901302655483 0.11541853127928867
0 0.785746230757144 0.6960905838712652 0.17955901302655483 0.11541853127928867
0 0.7893064300509088 0.5639268411812068 0.17955901302655483 0.11541853127928867
0 0.49558998831531187 0.5627572505379318 0.37180977488985534 0.11541853127928853
0 0.20365364622659687 0.5592484786081074 0.17955901302655483 0.11541853127928867
0 0.20187354657971446 0.42591514527477414 0.17955901302655483 0.11541853127928867
0 0.2072138455203617 0.2984297651578151 0.17955901302655483 0.11541853127928867
0 0.4030248066774264 0.2984297651578151 0.17955901302655483 0.11541853127928867
0 0.401244707030544 0.42942391720459866 0.17955901302655483 0.11541853127928867
0 0.6006158674813736 0.3019385370876396 0.17955901302655483 0.11541853127928867
0 0.7964268286384383 0.3031081277309145 0.17955901302655483 0.11541853127928867
0 0.5970556681876089 0.43176309849114847 0.17955901302655483 0.11541853127928867
0 0.794646728991556 0.435271870420973 0.17955901302655483 0.11541853127928867
0 0.794646728991556 0.17094438504085602 0.17955901302655483 0.11541853127928867
0 0.5988357678344913 0.16860520375430632 0.17955901302655483 0.11541853127928867
0 0.404804906324309 0.16626602246775662 0.17955901302655483 0.11541853127928867
0 0.21255414446100906 0.1639268411812069 0.17955901302655483 0.11541853127928867
