0 0.2580887885628291 0.20342766884938038 0.2723852520692249 0.23529777562201123
0 0.8194130925507892 0.19477143692206283 0.2723852520692246 0.2428160115416426
0 0.5440180586907444 0.19822429092899035 0.2723852520692247 0.2294056924674613
0 0.4085778781038373 0.4193188814058915 0.15801354401805875 0.12531947838740368
0 0.6305492851768241 0.41755902965630026 0.1775771256583897 0.10599842048641576
0 0.846501128668172 0.4304718641369576 0.19112114371708022 0.13633876213396012
0 0.8141459744168548 0.5928757096928656 0.18058690744921 0.12706067446473746
0 0.5658389766741906 0.5974479040352215 0.18058690744921 0.12491838143387567
0 0.29420617005267075 0.6486204130365835 0.30850263355906676 0.21823405406413884
0 0.6854778028592925 0.7915399635592532 0.2934537246049661 0.21513410319074236
0 0.3045103196960367 0.8460222997469049 0.18504768597114127 0.12545317737191283
