0 0.31692764424789416 0.19624898798432855 0.2045381286484255 0.16471965815826178
0 0.7393335211992256 0.194871577516009 0.2045381286484255 0.16471965815826178
0 0.7356604266170401 0.369802706992593 0.2045381286484255 0.16471965815826178
0 0.31404958677685946 0.36845730027548207 0.21303948576675846 0.17493112947658399
0 0.5289256198347108 0.19008264462809918 0.1983471074380165 0.15977961432506887
0 0.5243342516069789 0.3663911845730028 0.1891643709825528 0.1652892561983471
0 0.3103764921946735 0.5998622589531677 0.1910009182736446 0.14187327823691512
0 0.3131313131313131 0.7534435261707989 0.20752984389348023 0.15151515151515155
0 0.5252525252525253 0.6763085399449037 0.194674012855831 0.1763085399449035
0 0.7456382001836548 0.6046831955922864 0.1873278236914601 0.14049586776859507
0 0.7419651056014692 0.7541322314049586 0.19100091827364551 0.14187327823691462
