0 0.37718758868602775 0.3526170798898072 0.1764733705420489 0.08815426997245183
0 0.5614180304606943 0.35468319559228645 0.18035190615835772 0.09228650137741048
0 0.2802241982783085 0.4490358126721763 0.18423044177466646 0.09366391184573004
0 0.46833317566928384 0.45041322314049587 0.18423044177466646 0.09366391184573004
0 0.6545028852521046 0.45179063360881544 0.18423044177466646 0.09366391184573004
0 0.654502885252104 0.5668044077134984 0.18423044177466644 0.12258953168044098
0 0.46639390786112855 0.5654269972451789 0.18423044177466644 0.12258953168044098
0 0.28604200170277083 0.5612947658402202 0.18423044177466644 0.12258953168044098
0 0.3248273578658585 0.6893939393939386 0.2734367609497681 0.12258953168044073
0 0.609899725664553 0.6893939393939386 0.2734367609497681 0.12258953168044073
0 0.47027244347743724 0.2968319559228638 0.5720840034055433 0.23829201101928446
0 0.5051792640242171 0.2665289256198347 0.07563144451802095 0.04269972451790632
0 0.43051745341027325 0.2665289256198347 0.0775707123261754 0.053719008264462825
