0 0.19074629207579263 0.2423900917514743 0.1595332624633902 0.21287252692211364
0 0.7482456820973137 0.24011338023359075 0.16473543406545738 0.21287252692211364
0 0.6832185370714755 0.6778111695467066 0.29825783851851245 0.332399881611001
0 0.254039379900942 0.6743961022698816 0.29305566691644486 0.33239988161100115
0 0.4681954441860363 0.6163399585638505 0.11097966084409748 0.21628759419893911
0 0.4681954441860363 0.7853857887667055 0.11444777524547547 0.10814379709946963
0 0.7048942520800882 0.45697015231200067 0.2479701796985303 0.09562188375110985
0 0.2340977220930182 0.4575393301914715 0.24623612249784135 0.09220681647428457
0 0.4699295013867254 0.4666461762630058 0.2080868640826828 0.073993124331216
0 0.19074629207579263 0.3801311385834302 0.1595332624633902 0.05122600915238031
0 0.31819949632643585 0.37899278282448845 0.07803257403100602 0.05122600915238031
0 0.7491127106976583 0.37899278282448845 0.16300137686476845 0.05122600915238031
0 0.621659506447015 0.37842360494501753 0.0780325740310061 0.0523643649113221
0 0.4681954441860364 0.24182091387200344 0.38149258415158527 0.21628759419893911
0 0.4699295013867254 0.3892379846549645 0.2080868640826828 0.0717164128133325
