0 0.2467090471889383 0.21447760854222167 0.2443444237334533 0.17178823271303287
0 0.7070224131900246 0.21240787079869114 0.2474972550074333 0.17178823271303284
0 0.4800185614634615 0.16583877156925453 0.2033576171717128 0.07658029651062913
0 0.4808067692819565 0.26001183889989304 0.2017812015347228 0.09106846071534277
0 0.2333095142745229 0.346423389692292 0.2238510204525828 0.08175464086945575
0 0.7314568555633698 0.3505628651793532 0.21439252663064282 0.08796385410004696
0 0.2301566830005431 0.41834677627997763 0.22069818917860298 0.0993474116894648
0 0.7251511930154098 0.41731190740821233 0.223851020452583 0.09313819845887324
0 0.4792303536449664 0.3919576200499634 0.2648378270143235 0.16454415061067604
0 0.7283040242893898 0.5021711548929635 0.21754535790462293 0.07451055876709865
0 0.22621564390806803 0.5047583270723766 0.21912177354161297 0.061057263434150355
0 0.4776539380079764 0.5368392620970996 0.2648378270143235 0.11487044476594363
0 0.47528931455249135 0.6320471982995034 0.26010858010335347 0.061057263434150216
0 0.47528931455249135 0.7060403226307193 0.2664142426513136 0.07865003425415963
0 0.47528931455249135 0.7893472668078226 0.2632614113773335 0.08175464086945525
0 0.7243629851969147 0.6889649862465926 0.219121773541613 0.28872841522250703
0 0.22700385172656304 0.6853429451954142 0.21754535790462295 0.2897632840942723
