0 0.28143260376762663 0.2032162378971325 0.2787505238376268 0.13780945096356542
0 0.6386690480328956 0.20459364836545205 0.27174588767556285 0.1378094509635654
0 0.4618019849407773 0.20321623789713242 0.09662998362396015 0.13780945096356528
0 0.2577919567206603 0.36092973651972216 0.22796691166266211 0.17224471267155406
0 0.6640608541203781 0.3595523260514026 0.22796691166266211 0.17224471267155406
0 0.6658120131608939 0.5399930974012648 0.22796691166266206 0.17775435454483207
0 0.24991174103833802 0.5358608659963063 0.22271343454111409 0.17775435454483224
0 0.23677804823446763 0.7383402048392814 0.17543214044718153 0.21081220578450138
0 0.6885770806876021 0.7383402048392814 0.17543214044718153 0.21081220578450138
0 0.463553143981293 0.7342079734343226 0.2717458876755627 0.21081220578450122
0 0.45654850781922873 0.4242906180624218 0.17718329948769773 0.29896647575695295
0 0.45967924813545663 0.6026170798898073 0.1768670630921185 0.042699724517906434
