0 0.2010008409179605 0.1708382230887526 0.18301243881246207 0.06933621440827231
0 0.20021873647859104 0.302784004238823 0.18457664769120108 0.19041587240480745
0 0.4653521414248503 0.2675984625988042 0.3331764911714054 0.2628566934283756
0 0.7343960685679569 0.17239052639640046 0.17988402105498408 0.06830134553650707
0 0.732831859689218 0.30640604529000137 0.18301243881246207 0.18731126578951168
0 0.19630821428174358 0.4507702529012549 0.18301243881246212 0.09727767394593428
0 0.3237912378989714 0.45128768733713753 0.05631151963460372 0.09417306733063846
0 0.6037846271932509 0.45335742508066795 0.05631151963460393 0.09624280507416887
0 0.7304855463711095 0.45283999064478536 0.18457664769120113 0.09727767394593421
0 0.46300582810674173 0.505100868668931 0.20647557199354702 0.20179942999422543
0 0.2268102874171538 0.579093993000147 0.24714500284076074 0.15109085527772784
0 0.6992013687963297 0.5821985996154427 0.2471450028407608 0.1510908552777277
0 0.46065951478863326 0.6194538789989921 0.20803978087228586 0.06830134553650709
0 0.194296064863873 0.7528816141768104 0.18464309982458008 0.1904240465826318
0 0.7259218971012737 0.7571239474936209 0.18188875744060298 0.1916033317164944
0 0.460593879572627 0.753619008498807 0.3328740852189678 0.1916033317164944
