0 0.3269447729058001 0.3761167843229053 0.07875666065279852 0.08670808993213037
0 0.5853398883295375 0.4968842786795641 0.07875666065279842 0.059620053814748386
0 0.5393293686414489 0.3814898419864561 0.1094758121421448 0.09480812641083525
0 0.6572573574563328 0.4018058690744921 0.13764973438460856 0.14221218961625282
0 0.6657741452806909 0.4937923250564271 0.09324720570034305 0.05304740406320486
0 0.6605095398598533 0.563205417607222 0.11182610861130396 0.07449209932279889
0 0.5622709910388837 0.5632054176072234 0.08774164355510138 0.07449209932279914
0 0.5002883621054633 0.5022573363431152 0.07325219783040574 0.042889390519187394
0 0.5510014221418982 0.4531602708803612 0.07486213624426093 0.041760722347629765
0 0.4741268628803185 0.45033860045146723 0.08371679752046375 0.05869074492099322
0 0.4249985323016038 0.3741534988713293 0.12401567577910858 0.09819413092550774
0 0.39845975742913015 0.44638826185101577 0.0708372902096231 0.05079006772009023
0 0.41214423394689814 0.5022573363431152 0.09015655117588402 0.03386004514672692
0 0.4016796342568402 0.5445823927765236 0.08693667434817379 0.05079006772009016
0 0.3831653424975069 0.5880361173814899 0.07083729020962316 0.045146726862302484
0 0.39041006535985473 0.6743792325056434 0.08210685910660864 0.032731376975169424
0 0.562468369214517 0.6676779157367778 0.08210685910660864 0.032731376975169424
0 0.47439090414605767 0.6679172484785227 0.08210685910660848 0.03703936632658367
0 0.6633477914150154 0.6674385829950303 0.09405535242984556 0.03512470439262628
0 0.38614274631583634 0.6380006557603697 0.08313101567716984 0.048048672446870035
0 0.4569802424464757 0.5875014472521328 0.07323083549505681 0.04086869019451542
0 0.45936994111112317 0.6305813407662667 0.06435481188350764 0.03799669729357497
0 0.5505198758912707 0.6255553531896152 0.10258999051787863 0.04900600341385833
0 0.4822427711870383 0.543703555512752 0.06708589607168107 0.04900600341385795
0 0.6602536437225777 0.6249182494310882 0.09940930159523051 0.05282862596501472
0 0.320356202994586 0.5287031344897976 0.08284611783907242 0.23005643560042455
