0 0.4876762602514713 0.3085294402591059 0.4592874343180275 0.06698444775964398
0 0.6057539790064805 0.37418453691784365 0.20437999625740624 0.04947805547678989
0 0.3482554193653422 0.37383112223586595 0.12444920564188675 0.040289273745384845
0 0.6371192259568733 0.587647004831993 0.10927247324653612 0.03958244438142953
0 0.29968987570021516 0.4229557630306771 0.09611930517056459 0.03958244438142948
0 0.4504454174940439 0.4105862491614786 0.1123078197256081 0.06714878957563879
0 0.32093730105370694 0.571743344143022 0.10826069108684845 0.04877122611282983
0 0.6350956616374908 0.5395826080831078 0.11939029484344213 0.04665073802096575
0 0.6386368991964045 0.47950211214700494 0.1284963342806561 0.056546349116322094
0 0.6264955132801208 0.4222489336667191 0.12849633428065585 0.04523707929305532
0 0.46764571420877615 0.4890443085603907 0.20134464977833255 0.06290781339191724
0 0.4711869517676904 0.554779439408125 0.2124742535349221 0.07421708321518186
0 0.3163842813350999 0.4957591875179537 0.12950811644033275 0.10036976968148613
