0 0.23133349464401334 0.3125404194294565 0.06946553331117947 0.08522449532184478
0 0.31115206416983976 0.3055164225622715 0.07547697369387767 0.0693034357562254
0 0.39397635388701524 0.30692122193570853 0.07414109805327812 0.07398610033434881
0 0.39130460260581607 0.39261398371536566 0.07280522241267846 0.0955263573937161
0 0.31215397090028946 0.39027265142630396 0.07080140895177912 0.09833595614059014
0 0.2540433805342066 0.3883995855950546 0.037404517936788936 0.0664938370093514
0 0.2143010802263686 0.38933611851067945 0.03406482883528995 0.07398610033434871
0 0.21997855169891667 0.4787750119528351 0.03606864229618928 0.0486997116124828
0 0.26239260328795483 0.4717510150856505 0.047423585241284955 0.09458982447809108
0 0.3245108205758375 0.47971154486846035 0.0714693467720755 0.07866876491247207
0 0.4006557320900159 0.48533074236220863 0.06478996856907578 0.06555730409372713
0 0.3886328513246204 0.568682171852804 0.0714693467720723 0.09178022573121758
0 0.3051406237871452 0.5672773724793672 0.07146934677207231 0.09833595614059001
0 0.2273258677222186 0.5691504383106167 0.06278615510817422 0.0833514294905957
0 0.2226503029801203 0.6468826703074648 0.049427398702177425 0.06274770534685194
0 0.2740815151432058 0.6478192032230897 0.049427398702177404 0.07773223199684608
0 0.3308562298686891 0.6660815950777708 0.049427398702177404 0.09365329156246562
0 0.38495919331297324 0.6642085292465215 0.049427398702177404 0.09365329156246562
0 0.6142726835030655 0.3356244110096373 0.044708630823974006 0.07228209785232391
0 0.6608061564014878 0.34394005058556837 0.044708630823974006 0.07228209785232391
0 0.7547855232355559 0.34138139225451253 0.044708630823974006 0.07228209785232391
0 0.7032337346324014 0.3426607214200388 0.026460210079495984 0.0569301478659928
0 0.7543293127169411 0.41238416094130587 0.026460210079495967 0.04029886871413276
0 0.712357945004639 0.411104831775778 0.026460210079495967 0.04029886871413276
0 0.6776859455901283 0.4130238255240697 0.026460210079495967 0.04029886871413276
0 0.6379956304708858 0.4091858380274861 0.026460210079495967 0.04029886871413276
0 0.6019549995005393 0.4091858380274861 0.026460210079495967 0.04029886871413276
0 0.6005863679447024 0.4693143088072945 0.023722946967822674 0.035181552052022724
0 0.6450668935093705 0.4702738056814401 0.020529473337538687 0.034541887469259215
0 0.6856696296658346 0.46963414109867535 0.02052947333753861 0.04221786246242746
0 0.724903734266465 0.4709134702642031 0.02052947333753861 0.04221786246242746
0 0.7595757336809755 0.471553134846967 0.02052947333753861 0.04221786246242746
0 0.741783523455107 0.5511913754010734 0.09717284046434875 0.03390222288650156
0 0.7395024708620467 0.5966075607773093 0.11085915602270885 0.03390222288650149
0 0.7445207865667777 0.6509790503122378 0.10355978772491545 0.03390222288650133
0 0.6263622622462726 0.5505517108182986 0.09169831424100741 0.04029886871414499
0 0.6256779464683541 0.5950083993203905 0.09489178787129252 0.03710054580032723
0 0.624765525431129 0.6449022367759764 0.09489178787129243 0.03198322913821648
0 0.6126759466879106 0.6928770804832688 0.0734498934965315 0.038379874965859866
0 0.6827042612948582 0.6890390929867035 0.02646021007949587 0.05245249578664929
0 0.7483985759749854 0.6944762419401984 0.026460210079495967 0.04029886871413276
