0 0.468077746181583 0.7872460496614004 0.7643516754126228 0.17720090293453816
0 0.13849491366421313 0.6185101580135444 0.10518601037788328 0.07449209932280162
0 0.7906481780070942 0.6207674943566593 0.10518601037788333 0.06772009029345641
0 0.7643516754126236 0.4497742663656885 0.1402480138371785 0.09142212189616253
0 0.16479141625868488 0.4430022573363432 0.1402480138371785 0.09142212189616253
0 0.22352027205300334 0.3120767494356659 0.2541995250798862 0.07787810383747192
0 0.7047462695318224 0.31941309255079003 0.2875084283662165 0.06546275395033863
0 0.7441910234235292 0.16760722347629783 0.20511272023687474 0.0846501128668174
0 0.19810031954501484 0.16196388261851 0.19284101902612158 0.0801354401805872
0 0.4742135967869598 0.18961625282167005 0.3734103368414885 0.18510158013544045
0 0.4654480959221365 0.4362302483069969 0.3734103368414889 0.2336343115124163
0 0.46544809592213604 0.6185101580135439 0.44353434376007883 0.09706546275395263
