0 0.2177608415695213 0.2065462753950338 0.17042152818484202 0.1557562076749432
0 0.7321813803496964 0.2133182844243792 0.17042152818484202 0.1557562076749432
0 0.7377043002445753 0.6478555304740408 0.17199950529766384 0.3227990970654622
0 0.2295956699156907 0.664785553047404 0.17199950529766384 0.3227990970654622
0 0.7329703689061077 0.3961625282167042 0.14675187149250254 0.1738148984198643
0 0.2224947729079888 0.43566591422121875 0.15464175705661512 0.10158013544018002
0 0.22328376146439993 0.3278781038374714 0.16253164262072828 0.062076749435665546
0 0.4836499850801323 0.3120767494356654 0.3234853081286351 0.35101580135440114
0 0.38265944985948525 0.5981941309255077 0.10572446655911456 0.15124153498871346
0 0.5672827720597323 0.5965011286681706 0.1404399630412125 0.15462753950338493
0 0.3826594498594855 0.7556433408577864 0.07100897007701705 0.1546275395033848
0 0.5988423143161848 0.748306997742662 0.07100897007701705 0.14672686230248247
0 0.49627380198271387 0.7618510158013527 0.09941255810782504 0.12189616252821606
0 0.48917290497501215 0.6495485327313749 0.05680717606161404 0.09819413092550827
