0 0.19469660594425534 0.15807888796483247 0.17955901302655483 0.11541853127928867
0 0.3917514921557681 0.16158765989465707 0.17955901302655483 0.11541853127928867
0 0.5923891944802174 0.16158765989465707 0.17955901302655483 0.11541853127928867
0 0.7894440806917302 0.16158765989465707 0.17955901302655483 0.11541853127928867
0 0.7894440806917302 0.2914122212981658 0.17955901302655483 0.11541853127928867
0 0.7894440806917302 0.4270847359180489 0.17955901302655483 0.11541853127928867
0 0.787652672635262 0.5569092973215577 0.17955901302655483 0.11541853127928867
0 0.7840698565223253 0.8165584201285752 0.17955901302655483 0.11541853127928867
0 0.5852235622543444 0.8153888294853003 0.17955901302655483 0.11541853127928867
0 0.3917514921557682 0.8118800575554758 0.17955901302655483 0.11541853127928867
0 0.3935429002122365 0.6843946774385167 0.17955901302655483 0.11541853127928867
0 0.588806378367281 0.6867338587250664 0.17955901302655483 0.11541853127928867
0 0.5905977864237494 0.5545701160350078 0.17955901302655483 0.11541853127928867
0 0.3917514921557683 0.553400525391733 0.17955901302655483 0.11541853127928867
0 0.19290519788778732 0.4235759639882244 0.17955901302655483 0.11541853127928867
0 0.3899600840993 0.42240637334494946 0.17955901302655483 0.11541853127928867
0 0.5905977864237494 0.4247455546314991 0.17955901302655483 0.11541853127928867
0 0.5923891944802178 0.29492099322799037 0.17955901302655483 0.11541853127928867
0 0.39533430826870486 0.2914122212981658 0.17955901302655483 0.11541853127928867
0 0.1946966059442556 0.2925818119414407 0.17955901302655483 0.11541853127928867
0 0.19290519788778718 0.5048625136958266 0.1795590130265547 0.023020870460575063
0 0.19111378983131888 0.5446285955671715 0.1795590130265547 0.023020870460575063
0 0.19469660594425528 0.5896578353332534 0.17955901302655444 0.042903911396247774
0 0.19469660594425528 0.641119823637347 0.17955901302655441 0.031208004963499333
0 0.19111378983131871 0.6797163148654171 0.17955901302655441 0.031208004963499333
0 0.19469660594425528 0.7224063733449494 0.17955901302655441 0.03471677689332404
0 0.19469660594425528 0.7791315195437798 0.17955901302655441 0.040564730109698605
0 0.1911137898313187 0.8411198236373467 0.1795590130265544 0.0662957242617447
0 0.7858612645787934 0.6569092973215572 0.1795590130265544 0.06278695233192015
0 0.7858612645787935 0.7194823967367623 0.17955901302655441 0.04056473010969861
