0 0.7957547707017776 0.16935368896281325 0.18421419460875185 0.12102094966535998
0 0.20209153846649472 0.1599969638166144 0.17887389566810508 0.12102094966536002
0 0.18874079111487668 0.8190612913019946 0.1806539953149875 0.12219054030863444
0 0.19141094058520014 0.6763712328224615 0.1859942942556345 0.14324317188758193
0 0.781513973526718 0.6798800047522866 0.18421419460875244 0.14558235317413273
0 0.7832940731736011 0.5301724024131057 0.1877743939025167 0.14792153446068154
0 0.19586118970240654 0.5254940398400063 0.1877743939025174 0.1432431718875825
0 0.39078210103602934 0.4909911158633979 0.1931146928431641 0.16078703153670507
0 0.5865930621930942 0.4909911158633979 0.1931146928431641 0.16078703153670507
0 0.19942138899617062 0.33485076498620486 0.18777439390251685 0.22043615434372266
0 0.7886343721142479 0.41555251937216964 0.18421419460875227 0.06838937071799192
0 0.494027880555209 0.3178917006587196 0.37824505611893416 0.18651802568875173
0 0.4975880798489737 0.16116655445988912 0.37824505611893405 0.12102094966535994
0 0.4851273823207969 0.6646753263897135 0.37824505611893416 0.17131334732617912
0 0.485127382320797 0.7898215252201226 0.37824505611893433 0.05435428299869428
0 0.47444678443950244 0.8547338059218768 0.37824505611893444 0.05084551106886972
0 0.7904144717611298 0.26233614510316394 0.18421419460875219 0.04265837656594505
0 0.7904144717611302 0.3225700632318189 0.18421419460875219 0.06254141750161772
0 0.7868542724673655 0.36701450767626326 0.1842141946087522 0.02043615434372276
0 0.776173674586071 0.8243244491967313 0.18421419460875185 0.12102094966535998
