0 0.3712422554904652 0.11088154269972439 0.3410455170055944 0.1446280991735537
0 0.25045530155098394 0.28856749311294766 0.1492074136899479 0.19421487603305784
0 0.439628986765025 0.23898071625344353 0.18650926711243485 0.08677685950413228
0 0.2486790228165798 0.40909090909090906 0.1172343964706733 0.05234159779614323
0 0.2735469250982378 0.46280991735537186 0.1847329883780307 0.0385674931129477
0 0.4511747985386519 0.3560606060606061 0.22025856306611347 0.13085399449035812
0 0.439628986765025 0.45798898071625344 0.1722990372372017 0.061983471074380174
0 0.6607756891983405 0.1756198347107438 0.09236649418901535 0.15289256198347106
0 0.8872512278348686 0.17424242424242425 0.10480044532984437 0.15840220385674933
0 0.7780100856690139 0.2506887052341598 0.07815626431378235 0.28374655647382924
0 0.6492298774247138 0.3402203856749311 0.11901067520507738 0.1735537190082644
0 0.8952444821396872 0.31955922865013775 0.12789206887709825 0.09090909090909094
0 0.8117593816226926 0.44421487603305787 0.17052275850279755 0.07851239669421489
