0 0.3449225133198026 0.23431436531493793 0.17523570423653329 0.20474767221394752
0 0.7526360119423922 0.22054026063174234 0.17523570423653329 0.20474767221394752
0 0.5487792626310973 0.19781298790446963 0.20829355547620268 0.2198991873654627
0 0.2892561983471074 0.4511019283746556 0.1340679522497704 0.10881542699724513
0 0.4242424242424242 0.45523415977961434 0.12488521579430667 0.10330578512396699
0 0.5509641873278238 0.4559228650137741 0.13957759412304868 0.09917355371900824
0 0.2800734618916437 0.5957300275482094 0.1120293847566575 0.1088154269972452
0 0.4242424242424242 0.5819559228650139 0.17263544536271808 0.13911845730027558
0 0.5610651974288338 0.5957300275482094 0.09733700642791554 0.1088154269972452
0 0.8053259871441689 0.5309917355371901 0.22956841138659315 0.2630853994490358
0 0.7961432506887053 0.7424242424242425 0.2552800734618917 0.140495867768595
