0 0.36638257575757566 0.35606060606060597 0.21429924242424253 0.20523415977961418
0 0.45625000000000004 0.15151515151515152 0.18664772727272733 0.12672176308539945
0 0.27910748106060607 0.16873278236914602 0.15035511363636364 0.18044077134986225
0 0.6843750000000002 0.10330578512396695 0.17282196969696975 0.06887052341597796
0 0.8546046401515153 0.1046831955922865 0.1641808712121211 0.06336088154269971
0 0.7699218750000001 0.19765840220385672 0.34391571969696977 0.08953168044077137
0 0.6826467803030305 0.29614325068870523 0.17627840909090914 0.07438016528925616
0 0.8546046401515153 0.2947658402203857 0.17800662878787876 0.07162534435261712
0 0.6809185606060608 0.3808539944903581 0.17627840909090914 0.059228650137741
0 0.8476917613636362 0.38016528925619836 0.16072443181818197 0.0633608815426996
