0 0.34527089072543615 0.13842975206611569 0.21671258034894392 0.16666666666666663
0 0.5564738292011019 0.1356749311294766 0.1763085399449036 0.14738292011019283
0 0.761248852157943 0.13980716253443526 0.21487603305785144 0.16115702479338842
0 0.29017447199265384 0.33264462809917356 0.13957759412304868 0.13085399449035814
0 0.4214876033057851 0.33608815426997246 0.10468319559228653 0.12121212121212124
0 0.5693296602387511 0.3202479338842975 0.1763085399449036 0.1721763085399449
0 0.7061524334251607 0.35399449035812675 0.09733700642791547 0.08539944903581272
0 0.8282828282828283 0.3278236914600551 0.10284664830119382 0.14600550964187328
0 0.3994490358126722 0.5371900826446281 0.15977961432506887 0.11294765840220379
0 0.5555555555555556 0.5323691460055097 0.13039485766758488 0.1088154269972452
0 0.707070707070707 0.5323691460055096 0.1505968778696051 0.11157024793388437
0 0.4022038567493113 0.6797520661157026 0.14692378328741967 0.11707988980716251
0 0.5629017447199266 0.6756198347107437 0.16345270890725438 0.12809917355371903
0 0.7199265381083564 0.6714876033057852 0.12488521579430667 0.1088154269972452
0 0.3985307621671258 0.8243801652892563 0.15059687786960516 0.10606060606060609
0 0.5537190082644627 0.818870523415978 0.14508723599632695 0.1088154269972452
0 0.7125803489439853 0.8202479338842974 0.13223140495867752 0.1115702479338843
