0 0.25382627400609725 0.42936288088642655 0.21295594175087826 0.45152354570637115
0 0.7227595598817687 0.3400277008310249 0.3226605178043609 0.2756232686980609
0 0.46678221575697554 0.3227146814404432 0.1505749083087018 0.24653739612188366
0 0.42483634844240853 0.5768698060941828 0.1140067162908742 0.2506925207756232
0 0.1828409600891379 0.7576177285318559 0.07098531391695943 0.13850415512465375
0 0.27695027778207654 0.7555401662049861 0.08496726968848176 0.1426592797783934
0 0.39364583172132034 0.7735457063711911 0.09464708522261248 0.11772853185595579
0 0.5038881753044769 0.7901662049861495 0.0634565685015243 0.0789473684210526
0 0.6001485631161114 0.788781163434903 0.07958959439174229 0.0650969529085873
0 0.6835025302155714 0.7915512465373962 0.05270121790804566 0.09279778393351805
0 0.7609410544886179 0.7887811634349029 0.04839907767065427 0.10387811634349035
0 0.835152973583621 0.7797783933518005 0.041945867314566954 0.09695290858725755
0 0.5770245593401322 0.6038781163434903 0.17961435491109426 0.23822714681440446
0 0.8045002243922066 0.5837950138504155 0.1548770485460932 0.2091412742382272
0 0.7587899843699222 0.5914127423822715 0.1667079341989198 0.21606648199445985
