0 0.3299069081954357 0.11662901711990636 0.1872780752321065 0.11315903480570189
0 0.3262338136132502 0.24266207497114603 0.1872780752321065 0.12004608714729974
0 0.508051995431432 0.25781359012266125 0.1872780752321065 0.12004608714729974
0 0.5218261001146277 0.10354361767087056 0.12299892004386016 0.09249787778090855
0 0.642791551882461 0.10055096418732781 0.15059687786960516 0.08815426997245178
0 0.7915518824609734 0.10743801652892561 0.12488521579430667 0.09917355371900825
0 0.5803489439853076 0.1618457300275482 0.16528925619834708 0.056473829201101944
0 0.7327823691460056 0.25550964187327824 0.26446280991735543 0.16666666666666669
0 0.4086317722681359 0.4889807162534436 0.11570247933884296 0.08264462809917354
0 0.7107438016528925 0.49586776859504134 0.12488521579430667 0.08815426997245183
0 0.411386593204775 0.8030303030303031 0.09917355371900825 0.08264462809917361
0 0.7144168962350776 0.7920110192837464 0.1065197428833784 0.10468319559228717
0 0.411386593204775 0.7086776859504132 0.08080808080808083 0.06749311294765846
0 0.41230486685032114 0.6163911845730022 0.1450872359963274 0.12809917355371886
0 0.5573921028466482 0.808539944903581 0.19283746556473821 0.12121212121212109
0 0.714416896235078 0.7031680440771351 0.12121212121212124 0.09228650137741042
0 0.704315886134068 0.6012396694214875 0.15977961432506882 0.10881542699724513
0 0.5693296602387511 0.662534435261708 0.13957759412304874 0.10743801652892557
0 0.5610651974288338 0.5117079889807162 0.18181818181818188 0.150137741046832
