0 0.25646881133305405 0.22051192893348504 0.2867353170183213 0.18317179030245082
0 0.24930042840759598 0.39540476826181326 0.27558449913427524 0.1583349373800841
0 0.6889612478356887 0.39799194044122677 0.2787704471011457 0.16143954399538032
0 0.4747062470636652 0.19257046939582304 0.16248334631038197 0.12521913348359626
0 0.4707238121050774 0.2841563645470484 0.17044821622755754 0.04760396810120188
0 0.6897577348274055 0.22361653554878075 0.2867353170183202 0.18524152804598118
0 0.2652301682419472 0.7301848482778746 0.3265596666041993 0.2069737743530517
0 0.6555087941835512 0.7260453727908137 0.33611751050481 0.22353167630129572
0 0.7120593705954978 0.5842683373589733 0.2293882536146569 0.20283429886599066
0 0.21903392272232877 0.5816811651795601 0.22460933166435168 0.2059389054812864
0 0.4675378641382069 0.4155847112612362 0.14814658045946588 0.21525272532717374
0 0.26841611620881745 0.5102752130277574 0.2341671755649624 0.05691778794708931
0 0.6586947421504215 0.5128623852071705 0.22460933166435154 0.062092132305915655
0 0.46355542917961856 0.6799937079972591 0.2548758373496178 0.3114955304013422
