0 0.17894549572774074 0.20364046171709596 0.12044408366290242 0.142294469867723
0 0.1720629766612892 0.3487808209821734 0.12388534319612822 0.13887940259089773
0 0.17378360642790205 0.5001821369214308 0.12388534319612822 0.1502629601803156
0 0.17120266177798274 0.6441841404275666 0.11872345389628956 0.12635748924253817
0 0.18324707014427297 0.7750950527058716 0.14625353016209577 0.12635748924253817
0 0.31831650682338536 0.7762334084648134 0.09979652646354778 0.1263574892425382
0 0.46026846256894854 0.7796484757416389 0.173783606427902 0.12408077772465446
0 0.6116838820308831 0.7807868315005806 0.11528219436306386 0.12408077772465446
0 0.7484739484766081 0.7813560093800516 0.14797415992870883 0.12294242196571262
0 0.5359761722999159 0.4239123010723313 0.5936172694814477 0.5782847255424266
