0 0.32940993564300164 0.3557279132386869 0.18116645677539917 0.15167372472933668
0 0.8284994439775022 0.3529730923020478 0.18116645677539917 0.15167372472933668
0 0.8419883496081646 0.49415766530480226 0.1811664567753991 0.12825774676790475
0 0.3294099356430017 0.5031108333488795 0.18116645677539908 0.14616408285605886
0 0.5868232180948051 0.35503920800452676 0.14744419269874415 0.12274810489462656
0 0.5800787652794744 0.49897860194392096 0.14744419269874423 0.13238997817286327
0 0.7047953192020988 0.3643250688705234 0.07418898096864211 0.1225895316804408
0 0.46424316878862326 0.365702479338843 0.08767788659930417 0.1088154269972452
0 0.47098762160395435 0.4889807162534436 0.0966704903530789 0.09641873278236908
0 0.7160360738943174 0.49449035812672176 0.06519637721486717 0.08264462809917361
